    0        1        2        3        4        5        6        7        8        9       10        11
           1          2          3           4          5          6          7           8          9     
01234567 89012345 67890123 45678901 23456789 01234567 89012345 67890123 45678901 23456789 01234567 89012345
11111111 00000000 11111111 00000000 10111111 01000000 10101111 01010000 01011110 10100001 01010100 10101011  21 5
11111111 00000000 11111111 00000000 10111111 01000000 10101111 01010000 10011110 01100001 01010100 10101011  22
11111111 00000000 11111111 00000000 10111111 01000000 10101111 01010000 00011110 11100001 01010100 10101011  23
11111111 00000000 11111111 00000000 10111111 01000000 10101111 01010000 11101110 00010001 01010100 10101011  24
11111111 00000000 11111111 00000000 10111111 01000000 10101111 01010000 01101110 10010001 01010100 10101011  25
11111111 00000000 11111111 00000000 10111111 01000000 10101111 01010000 10101110 01010001 01010100 10101011  26
11111111 00000000 11111111 00000000 10111111 01000000 10101111 01010000 00101110 11010001 01010100 10101011  27
11111111 00000000 11111111 00000000 10111111 01000000 10101111 01010000 11001110 00110001 01010100 10101011  28
11111111 00000000 11111111 00000000 10111111 01000000 10101111 01010000 01001110 10110001 01010100 10101011  29
11111111 00000000 11111111 00000000 10111111 01000000 10101111 01010000 10001110 01110001 01010100 10101011  30
11111111 00000000 11111111 00000000 10111111 01000000 10101111 01010000 00001110 11110001 01010100 10101011  31 15
11111111 00000000 11111111 00000000 10111111 01000000 10101111 01010000 11110110 00001001 01010100 10101011  32 16

11111111 00000000 11111111 00000000 01111111 10000000 10101111 01010000 01101001 10010110 01010100 10101011 waves
11111111 00000000 11111111 00000000 01111111 10000000 10101111 01010000 01101111 10010000 01010100 10101011 triangle
11111111 00000000 11111111 00000000 01111111 10000000 10101111 01010000 01101011 10010100 01010100 10101011 cool
11111111 00000000 11111111 00000000 01111111 10000000 10101001 01010110 01101101 10010010 01010100 10101011 drops 
11111111 00000000 11111111 00000000 01111111 10000000 10101111 01010000 01101110 10010001 01010100 10101011 heat

11111111 00000000 11111111 00000000 01011111 10100000 10101011 01010100 01101110 10010001 01010100 10101011 high
11111111 00000000 11111111 00000000 01011111 10100000 10101101 01010010 01101110 10010001 01010100 10101011 mid
11111111 00000000 11111111 00000000 01011111 10100000 10101001 01010110 01101110 10010001 01010100 10101011 low
11111111 00000000 11111111 00000000 01011111 10100000 10101111 01010000 01101110 10010001 01010100 10101011 auto
